10,185
10,307
10,191
10,141
10,175
11,5
8,14
8,15
8,17
8,13
65,4
65,3
65,2
65,1
65,0
61,2
33,3
33,1
21,3
21,2
21,1
21,0
20,2
12,3
20,1
12,2
20,3
12,1
11,29
11,28
11,27
11,26
11,25
11,24
11,23
11,22
11,21
11,20
11,19
11,18
11,17
11,16
11,15
11,14
11,13
11,12
11,11
11,10
11,9
11,8
11,7
11,6
11,4
19,2
11,3
19,1
11,2
19,3
11,1
10,305
10,302
10,301
10,294
10,290
10,283
10,280
10,274
10,273
10,267
10,264
10,262
10,257
10,254
10,251
10,234
10,201
10,189
10,188
10,172
10,153
10,121
10,105
10,96
18,1
10,87
18,3
10,81
10,32
10,25
10,22
14,1
10,21
10,3
14,3
10,2
13,1
10,1
9,7
9,6
9,5
9,4
13,3
9,3
9,2
9,1
8,18
8,16
8,10
8,9
8,8
