66,52
66,51
66,50
66,49
66,48
66,47
66,46
66,45
66,44
66,43
66,42
66,41
66,40
66,39
66,38
66,37
66,36
66,35
3,2
3,1
3,3
10,187
10,7
10,241
10,149
10,105
10,89
10,2
10,3
9,7
9,1
9,5
8,16
8,5
8,4
8,7
8,2
8,3
61,2
46,3
46,1
33,3
33,1
21,3
21,2
21,1
21,0
20,3
20,2
20,1
19,2
19,3
19,1
12,3
12,2
12,1
11,29
11,28
11,27
11,26
11,25
11,24
11,23
11,22
11,21
11,20
11,19
11,18
11,17
11,16
11,15
11,14
11,13
11,12
11,11
11,10
11,9
11,8
11,7
11,6
11,4
11,3
11,2
11,1
10,306
10,304
10,302
10,299
10,296
10,294
10,290
10,280
10,274
10,268
10,267
10,264
10,263
10,262
10,258
10,254
10,253
10,249
18,1
10,248
18,3
10,234
10,228
10,225
10,224
10,221
10,206
10,202
10,200
10,198
